1 0.300215465625 0.533815425 0.2992387390625 0.5236707109375 0.288496246875 0.5157807625 0.27873123125 0.5157807625 0.27287162187499997 0.520289428125 0.2250202703125 0.5845398609375 0.2250202703125 0.5958110921875 0.22990240312500002 0.601447140625 0.237715465625 0.601447140625 0.24357432499999998 0.596938475 0.25529354375 0.601447140625 0.265059309375 0.599193240625 0.268965465625 0.590175909375 0.280683934375 0.583412478125 0.2953325828125 0.5665043328125 0.2992387390625 0.5574870015625 0.300215465625 0.533815425
1 0.225996246875 0.42785961875 0.21427777812499998 0.414333621875 0.194746246875 0.41207885624999996 0.18986336406249998 0.4177149046875 0.1859572078125 0.4334956671875 0.1859572078125 0.4425129984375 0.19181681718750002 0.45829376093749996 0.19865240312500002 0.46618457500000005 0.21232432499999998 0.463929809375 0.22111336406249998 0.45153032968750006 0.225996246875 0.42785961875
1 0.288496246875 0.69387695 0.2816606609375 0.6792235703125 0.25919970000000003 0.6532980937499999 0.2513873875 0.65104419375 0.2406448953125 0.6611889078125001 0.23869219218749999 0.6724610046875 0.2289264265625 0.6837322359375 0.2250202703125 0.7130398609374999 0.2357620125 0.725438475 0.2513873875 0.723184575 0.26310585625 0.7276932406250001 0.280683934375 0.718675909375 0.2894729734375 0.7085311953125 0.288496246875 0.69387695
1 0.5716997 0.912552859375 0.5609572078125 0.8933908140625 0.546309309375 0.8764826687499999 0.5384962468750001 0.874227903125 0.5258010515625 0.8640831890625 0.5199421921875 0.8460485265625 0.511152403125 0.8359038125 0.499433934375 0.831395146875 0.4867387390625 0.8392850953125001 0.47892642656250006 0.8708466203125 0.4867387390625 0.8978994796875 0.48478528593750003 0.9069168109374999 0.48966816875 0.917061525 0.49552777812500004 0.9193162906250001 0.5072462468750001 0.8967720968749999 0.515059309375 0.8967720968749999 0.522871621875 0.9012807625000001 0.5297072078125 0.9136802421875 0.5443558562499999 0.928333621875 0.558027778125 0.92607885625 0.5638873875 0.9193162906250001 0.5716997 0.9193162906250001 0.5716997 0.912552859375
1 0.47404354375 0.9012807625000001 0.47209009062499996 0.8990268625000001 0.46037162187499997 0.9012807625000001 0.43986336406250004 0.9181889078125 0.4300983484375 0.9520043328125001 0.4300983484375 0.9677850953125 0.436933934375 0.9779298093750001 0.456465465625 0.980184575 0.46916066093750003 0.9700398609375 0.47111336406250004 0.9655311953125001 0.46916066093750003 0.9407322359375 0.4750202703125 0.9339696703125 0.47404354375 0.9012807625000001
1 0.41349624687500003 0.8764826687499999 0.40666066093750003 0.8595745234375001 0.39591816875 0.849429809375 0.390059309375 0.8516845749999999 0.37834009062499996 0.849429809375 0.37345720781249997 0.8550658578125001 0.3754106609375 0.8618292890625 0.3832229734375 0.8685918546875 0.3832229734375 0.8821187171875 0.3754106609375 0.9024081453124999 0.3754106609375 0.9136802421875 0.382246246875 0.921570190625 0.3920120125 0.92382495625 0.40470720781249997 0.9136802421875 0.4144729734375 0.8888821484375 0.41349624687500003 0.8764826687499999
1 0.40373123125 0.7457279031249999 0.39787162187499997 0.7389653375 0.382246246875 0.7412192375 0.3656448953125 0.7558726171875 0.3636921921875 0.7603812828125001 0.3656448953125 0.7739081453125001 0.393965465625 0.77954419375 0.4008010515625 0.7671447140625001 0.40470720781249997 0.7536187171875001 0.40373123125 0.7457279031249999
1 0.32560585625 0.757 0.32169970000000003 0.7524913343749999 0.30412162187499997 0.7547461 0.2953325828125 0.7648908140625 0.2933791296875 0.7784168109375 0.27970720781249997 0.7896889078125 0.2758010515625 0.8099783359374999 0.2826373875 0.815614384375 0.292402403125 0.8133596187500001 0.306074325 0.82012305 0.3138873875 0.817868284375 0.3226764265625 0.7987062390624999 0.3226764265625 0.7761620453125 0.3265825828125 0.7716533796875 0.32560585625 0.757
1 0.612715465625 0.7547461 0.597090090625 0.743474003125 0.5980668171875 0.7581273828125 0.593183934375 0.76601733125 0.587324325 0.76601733125 0.5765825828125 0.7581273828125 0.5697462468750001 0.7412192375 0.556074325 0.7389653375 0.5472852859375 0.7581273828125 0.5511921921875 0.7896889078125 0.56779354375 0.802087521875 0.58341816875 0.802087521875 0.5951373875 0.790816290625 0.604902403125 0.7930701906250001 0.6136921921875 0.7761620453125 0.612715465625 0.7547461
1 0.6425262765624999 1 0.6420120125000001 0.9982192375000001 0.6371291296875 0.9880745234375 0.6410352859375 0.9677850953125 0.6175983484375 0.9407322359375 0.6215045046875 0.9114254765625001 0.6156448953125 0.9024081453124999 0.6156448953125 0.8888821484375 0.6117387390625 0.8798639515625 0.6195510515625 0.8663379546875 0.6215045046875 0.8483024265625 0.61466816875 0.840412478125 0.6107620125000001 0.840412478125 0.6019729734375 0.8483024265625 0.5980668171875 0.8573206234375 0.5961133640625 0.8731013859375001 0.6019729734375 0.8821187171875 0.5980668171875 0.8866273828125 0.5980668171875 0.8978994796875 0.5843948953125 0.9226975734374999 0.5961133640625 0.9677850953125 0.5961133640625 0.9948379546874999 0.5995919703125 1 0.6425262765624999 1
1 0.722090090625 0.871974003125 0.714277778125 0.8674653375 0.710371621875 0.8697192375 0.698652403125 0.8674653375 0.68498123125 0.8561932406249999 0.6703325828125 0.8821187171875 0.6722852859375 0.9046620453124999 0.6781448953125 0.9181889078125 0.686933934375 0.921570190625 0.702559309375 0.91029809375 0.70841816875 0.9193162906250001 0.712324325 0.9193162906250001 0.7172072078125 0.9136802421875 0.7172072078125 0.8911360484375 0.7230668171875 0.8888821484375 0.722090090625 0.871974003125
1 0.741621621875 0.7141663781250001 0.7347852859375 0.7062764296874999 0.7289264265625001 0.6882409015625 0.710371621875 0.66907885625 0.7074421921875 0.6724610046875 0.7074421921875 0.6814783359375001 0.7006058562499999 0.68485961875 0.690840090625 0.6758422875 0.681074325 0.6758422875 0.6654497 0.657806759375 0.6576373875 0.662316290625 0.6449421921875 0.6769696703125 0.6468948953125 0.7062764296874999 0.6312702703124999 0.7333292890625 0.6371291296875 0.7716533796875 0.6488483484375 0.8032149046875 0.6664264265625001 0.8189956671875 0.6664264265625001 0.8280129984375 0.6703325828125 0.8370311953125 0.679121621875 0.847175909375 0.7045120125000001 0.815614384375 0.7113483484375 0.8122322359374999 0.7367387390625 0.7648908140625 0.7406448953125 0.7513639515625 0.7367387390625 0.7400918546875 0.7269729734375 0.7288206234375 0.7289264265625001 0.7243110921875 0.7269729734375 0.7175485265625 0.7318558562499999 0.7141663781250001 0.7357620125000001 0.71642114375 0.741621621875 0.7141663781250001