1 0.7007612609375 0.5574870015625 0.7046674171875 0.5665043328125 0.719316065625 0.583412478125 0.731034534375 0.59017504375 0.734940690625 0.599193240625 0.74470645625 0.601447140625 0.756425675 0.596938475 0.762284534375 0.601447140625 0.770097596875 0.601447140625 0.7749797296875001 0.5958110921875 0.7749797296875001 0.5845398609375 0.727128378125 0.520289428125 0.72126876875 0.5157807625 0.7115037531249999 0.5157807625 0.7007612609375 0.5236707109375 0.699784534375 0.533815425 0.7007612609375 0.5574870015625
1 0.7788866359375 0.45153032968750006 0.787675675 0.463929809375 0.8013475968750001 0.46618457500000005 0.8081831828125001 0.45829376093749996 0.8140427921875 0.4425129984375 0.8140427921875 0.4334956671875 0.8101366359375 0.4177149046875 0.8052537531249999 0.41207885624999996 0.785722221875 0.414333621875 0.7740037531249999 0.42785961875 0.7788866359375 0.45153032968750006
1 0.7105270265625 0.7085311953125 0.719316065625 0.718675909375 0.7368941437500001 0.7276932406250001 0.7486126125 0.723184575 0.7642379874999999 0.725438475 0.7749797296875001 0.7130398609374999 0.7710735734374999 0.6837322359375 0.7613078078125 0.6724610046875 0.7593551046875 0.6611889078125001 0.7486126125 0.65104419375 0.7408003 0.6532980937499999 0.7183393390624999 0.6792235703125 0.7115037531249999 0.69387695 0.7105270265625 0.7085311953125
1 0.42830029999999997 0.9193162906250001 0.4361126125 0.9193162906250001 0.44197222187499996 0.92607885625 0.45564414375 0.928333621875 0.47029279218750003 0.9136802421875 0.47712837812500003 0.9012807625000001 0.48494069062499995 0.8967720968749999 0.49275375312499997 0.8967720968749999 0.504472221875 0.9193162906250001 0.51033183125 0.917061525 0.5152147140625 0.9069168109374999 0.5132612609375 0.8978994796875 0.5210735734374999 0.8708466203125 0.5132612609375 0.8392850953125001 0.500566065625 0.831395146875 0.488847596875 0.8359038125 0.48005780781249996 0.8460485265625 0.4741989484375 0.8640831890625 0.46150375312499997 0.874227903125 0.45369069062499995 0.8764826687499999 0.43904279218750003 0.8933908140625 0.42830029999999997 0.912552859375 0.42830029999999997 0.9193162906250001
1 0.5249797296875001 0.9339696703125 0.5308393390624999 0.9407322359375 0.5288866359375 0.9655311953125001 0.5308393390624999 0.9700398609375 0.543534534375 0.980184575 0.563066065625 0.9779298093750001 0.5699016515625 0.9677850953125 0.5699016515625 0.9520043328125001 0.5601366359375 0.9181889078125 0.539628378125 0.9012807625000001 0.527909909375 0.8990268625000001 0.52595645625 0.9012807625000001 0.5249797296875001 0.9339696703125
1 0.5855270265625 0.8888821484375 0.5952927921875 0.9136802421875 0.6079879874999999 0.92382495625 0.6177537531249999 0.921570190625 0.6245893390624999 0.9136802421875 0.6245893390624999 0.9024081453124999 0.6167770265625 0.8821187171875 0.6167770265625 0.8685918546875 0.6245893390624999 0.8618292890625 0.6265427921875 0.8550658578125001 0.621659909375 0.849429809375 0.609940690625 0.8516845749999999 0.60408183125 0.849429809375 0.5933393390624999 0.8595745234375001 0.5865037531249999 0.8764826687499999 0.5855270265625 0.8888821484375
1 0.5952927921875 0.7536187171875001 0.5991989484375 0.7671447140625001 0.606034534375 0.77954419375 0.6343551046875 0.7739081453125001 0.6363078078125 0.7603812828125001 0.6343551046875 0.7558726171875 0.6177537531249999 0.7412192375 0.602128378125 0.7389653375 0.59626876875 0.7457279031249999 0.5952927921875 0.7536187171875001
1 0.6734174171875 0.7716533796875 0.6773235734374999 0.7761620453125 0.6773235734374999 0.7987062390624999 0.6861126125 0.817868284375 0.693925675 0.82012305 0.707597596875 0.8133596187500001 0.7173626125 0.815614384375 0.7241989484375 0.8099783359374999 0.7202927921875 0.7896889078125 0.7066208703125 0.7784168109375 0.7046674171875 0.7648908140625 0.695878378125 0.7547461 0.6783003 0.7524913343749999 0.6743941437500001 0.757 0.6734174171875 0.7716533796875
1 0.3863078078125 0.7761620453125 0.395097596875 0.7930701906250001 0.4048626125 0.790816290625 0.41658183125 0.802087521875 0.43220645625 0.802087521875 0.44880780781249996 0.7896889078125 0.45271471406249997 0.7581273828125 0.443925675 0.7389653375 0.43025375312499997 0.7412192375 0.4234174171875 0.7581273828125 0.412675675 0.76601733125 0.406816065625 0.76601733125 0.4019331828125 0.7581273828125 0.40290990937500004 0.743474003125 0.387284534375 0.7547461 0.3863078078125 0.7761620453125
1 0.4004080296875 1 0.40388663593749996 0.9948379546874999 0.40388663593749996 0.9677850953125 0.41560510468749995 0.9226975734374999 0.4019331828125 0.8978994796875 0.4019331828125 0.8866273828125 0.3980270265625 0.8821187171875 0.40388663593749996 0.8731013859375001 0.4019331828125 0.8573206234375 0.3980270265625 0.8483024265625 0.3892379875 0.840412478125 0.38533183125 0.840412478125 0.37849549531250004 0.8483024265625 0.3804489484375 0.8663379546875 0.3882612609375 0.8798639515625 0.3843551046875 0.8888821484375 0.3843551046875 0.9024081453124999 0.37849549531250004 0.9114254765625001 0.3824016515625 0.9407322359375 0.35896471406249997 0.9677850953125 0.3628708703125 0.9880745234375 0.3579879875 0.9982192375000001 0.3574737234375 1 0.4004080296875 1
1 0.2769331828125 0.8888821484375 0.28279279218750003 0.8911360484375 0.28279279218750003 0.9136802421875 0.287675675 0.9193162906250001 0.29158183125 0.9193162906250001 0.297440690625 0.91029809375 0.313066065625 0.921570190625 0.3218551046875 0.9181889078125 0.32771471406249997 0.9046620453124999 0.3296674171875 0.8821187171875 0.31501876875 0.8561932406249999 0.301347596875 0.8674653375 0.28962837812500003 0.8697192375 0.285722221875 0.8674653375 0.27790990937500004 0.871974003125 0.2769331828125 0.8888821484375
1 0.2642379875 0.71642114375 0.26814414375 0.7141663781250001 0.2730270265625 0.7175485265625 0.2710735734375 0.7243110921875 0.2730270265625 0.7288206234375 0.2632612609375 0.7400918546875 0.2593551046875 0.7513639515625 0.2632612609375 0.7648908140625 0.2886516515625 0.8122322359374999 0.2954879875 0.815614384375 0.32087837812500003 0.847175909375 0.3296674171875 0.8370311953125 0.3335735734375 0.8280129984375 0.3335735734375 0.8189956671875 0.3511516515625 0.8032149046875 0.3628708703125 0.7716533796875 0.3687297296875 0.7333292890625 0.3531051046875 0.7062764296874999 0.3550578078125 0.6769696703125 0.3423626125 0.662315425 0.33455029999999997 0.657806759375 0.318925675 0.6758422875 0.30915990937500004 0.6758422875 0.29939414375 0.68485961875 0.2925578078125 0.6814783359375001 0.2925578078125 0.6724610046875 0.28962837812500003 0.66907885625 0.2710735734375 0.6882409015625 0.26521471406249997 0.7062764296874999 0.25837837812500003 0.7141663781250001 0.2642379875 0.71642114375