1 0.20841816875000002 0.41207885624999996 0.194746246875 0.41207885624999996 0.18986336406249998 0.4177149046875 0.1859572078125 0.4425129984375 0.1966997 0.46618457500000005 0.20841816875000002 0.46618457500000005 0.21720720781249997 0.45829376093749996 0.225996246875 0.42785961875 0.218183934375 0.41658752187500003 0.20841816875000002 0.41207885624999996
1 0.249433934375 0.723184575 0.257246246875 0.7276932406250001 0.268965465625 0.725438475 0.2894729734375 0.7107850953125 0.288496246875 0.6871143843749999 0.261152403125 0.6532980937499999 0.2513873875 0.65104419375 0.2406448953125 0.6611889078125001 0.23869219218749999 0.6702062390625 0.22697297343749998 0.6859870015625 0.2250202703125 0.7152937609375 0.2357620125 0.725438475 0.249433934375 0.723184575
1 0.288496246875 0.5157807625 0.27873123125 0.5157807625 0.27287162187499997 0.520289428125 0.2562702703125 0.5394514734375 0.24845720781249997 0.5552322359375 0.23283258281250002 0.5755216640625 0.2250202703125 0.5822850953125001 0.2250202703125 0.5958110921875 0.22990240312500002 0.601447140625 0.237715465625 0.601447140625 0.24357432499999998 0.596938475 0.261152403125 0.601447140625 0.268965465625 0.590175909375 0.280683934375 0.583412478125 0.2953325828125 0.5665043328125 0.2992387390625 0.5574870015625 0.300215465625 0.531561525 0.2992387390625 0.5236707109375 0.288496246875 0.5157807625
1 0.436933934375 0.9779298093750001 0.45451201250000006 0.980184575 0.46916066093750003 0.9700398609375 0.47111336406250004 0.9655311953125001 0.46916066093750003 0.9407322359375 0.4750202703125 0.9317149046875001 0.47404354375 0.903535528125 0.47209009062499996 0.8990268625000001 0.46623123125 0.8990268625000001 0.45255930937500005 0.9057894281250001 0.43986336406250004 0.9181889078125 0.4300983484375 0.9520043328125001 0.4300983484375 0.9677850953125 0.436933934375 0.9779298093750001
1 0.3763873875 0.8516845749999999 0.37345720781249997 0.8573206234375 0.37834009062499996 0.8652105718750001 0.3851764265625 0.8685918546875 0.3851764265625 0.8731013859375001 0.3812702703125 0.8933908140625 0.3754106609375 0.9046620453124999 0.3754106609375 0.9136802421875 0.386152403125 0.92382495625 0.39591816875 0.921570190625 0.40666066093750003 0.9091715765625 0.4125202703125 0.8956447140625 0.41349624687500003 0.8787374343750001 0.40666066093750003 0.8595745234375001 0.399824325 0.8516845749999999 0.39591816875 0.849429809375 0.3763873875 0.8516845749999999
1 0.27873123125 0.817868284375 0.308027778125 0.82012305 0.3168168171875 0.8144870015624999 0.3226764265625 0.8009610046875 0.3226764265625 0.7806715765625001 0.3265825828125 0.7716533796875 0.32560585625 0.757 0.319746246875 0.7524913343749999 0.306074325 0.7524913343749999 0.2953325828125 0.7648908140625 0.2933791296875 0.7761620453125 0.27775450468749996 0.7896889078125 0.2738483484375 0.8099783359374999 0.27873123125 0.817868284375
1 0.5336133640625 0.9542590984375 0.5404497 0.9734211437500001 0.5443558562499999 0.975675909375 0.55216816875 0.9734211437500001 0.5609572078125 0.9542590984375 0.5492387390625 0.9429870015624999 0.5492387390625 0.9317149046875001 0.565840090625 0.921570190625 0.573652403125 0.921570190625 0.5756058562499999 0.917061525 0.5668168171875 0.9046620453124999 0.5668168171875 0.8978994796875 0.5590045046875 0.8911360484375 0.5590045046875 0.8866273828125 0.5326373875 0.8674653375 0.5258010515625 0.8595745234375001 0.5199421921875 0.8437937609375 0.511152403125 0.833649046875 0.5013873875 0.8268864812500001 0.48869219218750004 0.8347764296875001 0.47892642656250006 0.8595745234375001 0.47892642656250006 0.8776100515625 0.48478528593750003 0.8956447140625 0.48478528593750003 0.9091715765625 0.49162162187499997 0.9193162906250001 0.49748123125 0.9193162906250001 0.5072462468750001 0.9012807625000001 0.52091816875 0.903535528125 0.5375202703124999 0.9294610046875 0.5336133640625 0.9542590984375
1 0.6263873875 0.8855000000000001 0.6215045046875 0.8956447140625 0.6263873875 0.9057894281250001 0.6420120125000001 0.912552859375 0.6420120125000001 0.890008665625 0.6381058562499999 0.8855000000000001 0.6263873875 0.8855000000000001
1 0.6427109609375 1 0.6420120125000001 0.9959653375 0.6371291296875 0.9880745234375 0.6410352859375 0.9768024265624999 0.6390825828125 0.9632764296874999 0.6175983484375 0.9407322359375 0.6215045046875 0.9114254765625001 0.6175983484375 0.9069168109374999 0.6175983484375 0.8978994796875 0.6117387390625 0.8798639515625 0.6195510515625 0.8663379546875 0.6215045046875 0.8483024265625 0.61466816875 0.840412478125 0.6107620125000001 0.840412478125 0.6019729734375 0.8483024265625 0.5980668171875 0.8573206234375 0.5961133640625 0.8731013859375001 0.6039264265625001 0.8821187171875 0.5980668171875 0.8866273828125 0.5980668171875 0.8978994796875 0.5843948953125 0.9249523390625001 0.5961133640625 0.9655311953125001 0.5961133640625 0.9948379546874999 0.5995923421875 1 0.6427109609375 1
1 0.59904354375 0.743474003125 0.5980668171875 0.7626360484375 0.5951373875 0.76601733125 0.585371621875 0.76601733125 0.5746291296875 0.7558726171875 0.5697462468750001 0.7412192375 0.558027778125 0.7389653375 0.5492387390625 0.7513639515625 0.5472852859375 0.7603812828125001 0.5511921921875 0.7896889078125 0.5697462468750001 0.802087521875 0.58341816875 0.802087521875 0.593183934375 0.790816290625 0.6029497 0.7930701906250001 0.6078325828125 0.7896889078125 0.6136921921875 0.7739081453125001 0.612715465625 0.757 0.6068558562499999 0.74798266875 0.59904354375 0.743474003125
1 0.68498123125 0.8584471406249999 0.6761921921875 0.8685918546875 0.6703325828125 0.8821187171875 0.6703325828125 0.8933908140625 0.6781448953125 0.9181889078125 0.686933934375 0.921570190625 0.702559309375 0.912552859375 0.7045120125000001 0.917061525 0.712324325 0.9193162906250001 0.7172072078125 0.9136802421875 0.7191606609375001 0.8956447140625 0.7250202703124999 0.8956447140625 0.7259962468750001 0.8764826687499999 0.714277778125 0.8674653375 0.70841816875 0.8697192375 0.698652403125 0.8674653375 0.68498123125 0.8584471406249999
1 0.6488483484375 0.7017677640625 0.6332229734375 0.7310745234375 0.6371291296875 0.7693994796875 0.6488483484375 0.8032149046875 0.6664264265625001 0.8189956671875 0.6664264265625001 0.8280129984375 0.67716816875 0.84492114375 0.683027778125 0.84492114375 0.6840045046875 0.8370311953125 0.690840090625 0.833649046875 0.702559309375 0.815614384375 0.7113483484375 0.8122322359374999 0.7133010515625 0.8032149046875 0.7191606609375001 0.7964514734375 0.7250202703124999 0.7784168109375 0.7386921921875 0.7536187171875001 0.737715465625 0.74798266875 0.7289264265625001 0.7333292890625 0.7191606609375001 0.7243110921875 0.7172072078125 0.7198024265625 0.7191606609375001 0.7152937609375 0.7113483484375 0.7107850953125 0.7133010515625 0.7062764296874999 0.7113483484375 0.6904956671875 0.7191606609375001 0.6927504328125 0.714277778125 0.6758422875 0.710371621875 0.6758422875 0.706465465625 0.68485961875 0.6966997 0.68485961875 0.690840090625 0.6780961875 0.679121621875 0.6780961875 0.6742387390625 0.6724610046875 0.6722852859375 0.6634428078125 0.6654497 0.657806759375 0.6576373875 0.662316290625 0.6449421921875 0.6769696703125 0.6488483484375 0.7017677640625
1 0.288496246875 0.357974003125 0.2826373875 0.34895580625 0.276777778125 0.34895580625 0.268965465625 0.33768457500000004 0.25334009062499996 0.33993847499999996 0.2406448953125 0.3523379546875 0.2445510515625 0.37713604843750004 0.25919970000000003 0.3895346625 0.274824325 0.3872807625 0.288496246875 0.38051733125 0.288496246875 0.357974003125
1 0.3148633640625 0.3816447140625 0.3011921921875 0.39291681093749997 0.2992387390625 0.41320623906250004 0.306074325 0.4210961875 0.31779354375 0.414333621875 0.323652403125 0.40531542500000006 0.337324325 0.407570190625 0.34025450468749996 0.4041889078125 0.34025450468749996 0.3951707109375 0.33537162187499997 0.39404419375 0.32853528593750003 0.3838994796875 0.34025450468749996 0.3636091859375 0.339277778125 0.344447140625 0.32853528593750003 0.3523379546875 0.3246291296875 0.3636091859375 0.3168168171875 0.3726273828125 0.3148633640625 0.3816447140625
1 0.4008010515625 0.7603812828125001 0.40470720781249997 0.7558726171875 0.40373123125 0.7457279031249999 0.39591816875 0.736710571875 0.38419970000000003 0.7389653375 0.3656448953125 0.7558726171875 0.3636921921875 0.7603812828125001 0.3656448953125 0.7716533796875 0.37248123125 0.777289428125 0.39591816875 0.77954419375 0.4008010515625 0.7693994796875 0.4008010515625 0.7603812828125001