1 0.5878903906249999 0.1882409015625 0.5830075078125 0.18260571875 0.5732424921875 0.18260571875 0.517578078125 0.23783795468750002 0.513671921875 0.24460138593749997 0.513671921875 0.2558726171875 0.5205075078125 0.268272096875 0.529296546875 0.2693994796875 0.5498048046874999 0.268272096875 0.5576171171875 0.26376343125 0.572265765625 0.2468552859375 0.578125375 0.2333292890625 0.5859376875 0.2288206234375 0.5878903906249999 0.21754852656249998 0.583984234375 0.20402166406250002 0.5878903906249999 0.1972590984375 0.5878903906249999 0.1882409015625
1 0.47070345312499995 0.1521707109375 0.4638671171875 0.1442807625 0.4501951953125 0.13751733125 0.4423828828125 0.13751733125 0.42871096093750005 0.142025996875 0.423828078125 0.1476620453125 0.42578153125 0.17020623906250001 0.4375 0.18373223593750002 0.4580075078125 0.1780961875 0.46875 0.1679514734375 0.47070345312499995 0.1521707109375
1 0.6845705703125 0.18260571875 0.6591794296875 0.187114384375 0.6494144140625 0.19838648125 0.6396486484375 0.20064038125 0.6308596093750001 0.2130398609375 0.6328123125 0.2220571921875 0.6552732734375 0.24798266875000002 0.66796846875 0.2558726171875 0.6806644140625 0.257 0.689453453125 0.2468552859375 0.697265765625 0.2265658578125 0.6933596093750001 0.2130398609375 0.6953123125 0.19500433281250001 0.6845705703125 0.18260571875
1 0.7871096093750001 0.4993466203125 0.791015765625 0.5128726171875 0.7998048046874999 0.5230181968750001 0.8154294296875 0.5297807625 0.82421846875 0.5444341421875001 0.8261719218750001 0.5534523390625 0.8408205703125 0.57035961875 0.8574219218750001 0.5827590984375 0.86328153125 0.5827590984375 0.86328153125 0.5737417671875 0.869140390625 0.5669783359375 0.87109384375 0.5511975734375001 0.8583986484375 0.534289428125 0.84765615625 0.5263994796875 0.84375 0.5173821484375 0.84375 0.5083639515625 0.86328153125 0.49483795468749997 0.8613280781249999 0.4880745234375 0.8525390390625001 0.48243847500000003 0.8447267265624999 0.48469324062499997 0.8212890390625001 0.47567590937500004 0.7939451953125001 0.48469324062499997 0.7871096093750001 0.4993466203125
1 0.916015765625 0.44975043281250005 0.9140623124999999 0.4272062390625 0.9052732734375001 0.41931629062500003 0.8916013515625 0.41931629062500003 0.8623048046875 0.430587521875 0.84765615625 0.4542590984375 0.8457034531250001 0.46778509531249995 0.84765615625 0.4700398609375 0.8759767265624999 0.47116724374999996 0.8818355859375 0.46440381249999996 0.9033205703125 0.4666577125 0.9072267265624999 0.46440381249999996 0.916015765625 0.44975043281250005
1 0.8193355859375 0.365210571875 0.8134767265624999 0.356193240625 0.8076171171875 0.353938475 0.802734234375 0.35957452343749996 0.8046876875000001 0.3731013859375 0.802734234375 0.3798639515625 0.8115232734375001 0.39226343125 0.8261719218750001 0.4001533796875 0.8369144140625 0.4012807625 0.8583986484375 0.39000866562500003 0.8671876875000001 0.3753552859375 0.865234234375 0.3640831890625 0.8583986484375 0.356193240625 0.8486328828125 0.356193240625 0.8310548046875 0.365210571875 0.8193355859375 0.365210571875
1 0.7314451953125001 0.3855 0.7421876875 0.3776100515625 0.7373048046874999 0.34492114375 0.7255855859375 0.34266724375 0.7216794296875 0.34492114375 0.708984234375 0.3640831890625 0.70703153125 0.3821187171875 0.7128903906249999 0.3888821484375 0.7197267265625 0.39000866562500003 0.7314451953125001 0.3855
1 0.7734376875 0.2491100515625 0.7685548046874999 0.24121923750000002 0.7509767265625 0.245727903125 0.7412109609375 0.26150866562499997 0.7294924921875 0.26376343125 0.720703453125 0.27390814531249996 0.71875 0.2941975734375 0.72265615625 0.2987062390625 0.7353513515625 0.299833621875 0.7392575078125 0.29532495625 0.7587890390625 0.29532495625 0.7753903906249999 0.2851802421875 0.77734384375 0.2761620453125 0.771484234375 0.2603812828125 0.7734376875 0.2491100515625
1 0.70703153125 0.5647235703125 0.708984234375 0.5805043328124999 0.7236328828125 0.588395146875 0.73046846875 0.6007937609375 0.73046846875 0.6075571921875 0.7236328828125 0.613193240625 0.7109376875 0.6120658578125 0.720703453125 0.6301013859375 0.7392575078125 0.63122876875 0.75390615625 0.6210831890625 0.751953453125 0.6098119578125 0.76171846875 0.5962850953125 0.76171846875 0.5782504328125 0.7509767265625 0.5590883875 0.7236328828125 0.55457885625 0.70703153125 0.5647235703125
1 0.8310548046875 0.61770190625 0.8232424921874999 0.610938475 0.8095705703125 0.613193240625 0.8017575078125001 0.61770190625 0.794921921875 0.6278466203125 0.794921921875 0.6323552859375 0.8017575078125001 0.6402460999999999 0.8173828828125 0.637991334375 0.8291013515625 0.628974003125 0.8369144140625 0.6334826687499999 0.8486328828125 0.6334826687499999 0.8564451953125 0.6402460999999999 0.8818355859375 0.635737434375 0.9052732734375001 0.662789428125 0.9228513515625 0.6582807625 0.931640390625 0.6639168109375 0.9331831828125001 0.6645103984375 0.9331831828125001 0.6149540734375 0.9287109609374999 0.610938475 0.9052732734375001 0.610938475 0.8662109609374999 0.597412478125 0.8447267265624999 0.613193240625 0.8349609609374999 0.613193240625 0.8310548046875 0.61770190625
1 0.8623048046875 0.70562305 0.8505855859375 0.69885961875 0.8310548046875 0.69660571875 0.80859384375 0.7135138640625 0.818359609375 0.7292937609375 0.8203123124999999 0.7428206234375 0.818359609375 0.7473292890625001 0.822265765625 0.7563466203125 0.8369144140625 0.757474003125 0.8388671171875 0.750710571875 0.8583986484375 0.750710571875 0.86328153125 0.7450745234375 0.86328153125 0.7405658578125001 0.85546846875 0.7338032921875 0.865234234375 0.7157677640625 0.8623048046875 0.70562305
1 0.65234384375 0.7202764296875 0.66015615625 0.7315485265625 0.6572267265625 0.7394393421875 0.6494144140625 0.7394393421875 0.646484234375 0.7428206234375 0.6630855859375 0.764237434375 0.6787109609375 0.771 0.685546546875 0.7788908140624999 0.6875 0.7721273828124999 0.685546546875 0.7676187171875 0.6884767265625 0.76198266875 0.6943355859375 0.764237434375 0.6982424921875 0.76198266875 0.7080075078125 0.7732547656250001 0.7177732734375 0.77776343125 0.7294924921875 0.7732547656250001 0.7705075078125 0.74394800625 0.7734376875 0.7360571921875 0.80078153125 0.7067504328124999 0.7919924921875 0.69660571875 0.7841794296875 0.692097053125 0.7763671171875 0.692097053125 0.7626951953125001 0.671807625 0.7353513515625 0.6582807625 0.7021486484375 0.651518196875 0.6787109609375 0.669552859375 0.6533205703125 0.667298959375 0.640625375 0.6819523390625 0.63671846875 0.6909696703125 0.65234384375 0.7090043328125 0.65234384375 0.7202764296875