1 0.24357432499999998 0.40306152500000003 0.237715465625 0.39855285937499996 0.22990240312500002 0.39855285937499996 0.2250202703125 0.4041889078125 0.2250202703125 0.4154601390625 0.27287162187499997 0.479710571875 0.27873123125 0.48421923749999995 0.288496246875 0.48421923749999995 0.2992387390625 0.47632928906250005 0.300215465625 0.46618457500000005 0.2992387390625 0.4425129984375 0.2953325828125 0.4334956671875 0.280683934375 0.41658752187500003 0.268965465625 0.409824090625 0.265059309375 0.400806759375 0.25529354375 0.39855285937499996 0.24357432499999998 0.40306152500000003
1 0.22111336406249998 0.5484696703124999 0.21232432499999998 0.536070190625 0.19865240312500002 0.533815425 0.19181681718750002 0.5417062390625 0.1859572078125 0.5574870015625 0.1859572078125 0.5665043328125 0.18986336406249998 0.5822850953125001 0.194746246875 0.58792114375 0.21427777812499998 0.585666378125 0.225996246875 0.57214038125 0.22111336406249998 0.5484696703124999
1 0.2513873875 0.276815425 0.2357620125 0.27456152500000003 0.2250202703125 0.2869601390625 0.2289264265625 0.3162677640625 0.2386914421875 0.32753899531249997 0.2406448953125 0.3388110921875 0.2513873875 0.34895580625 0.25919970000000003 0.34670190624999997 0.2816606609375 0.32077642968750003 0.288496246875 0.30612305 0.2894729734375 0.29146880468749997 0.280683934375 0.28132409062499997 0.26310585625 0.27230675937500004 0.2513873875 0.276815425
1 0.47892642656250006 0.12915337968750001 0.4867387390625 0.1607149046875 0.499433934375 0.168604853125 0.511152403125 0.1640961875 0.5199414421874999 0.15395147343749999 0.5258010515625 0.13591681093750002 0.5384962468750001 0.125772096875 0.546309309375 0.12351733125 0.5609572078125 0.10660918593749999 0.5716997 0.087447140625 0.5716997 0.080683709375 0.5638873875 0.080683709375 0.558027778125 0.07392114375 0.5443558562499999 0.071666378125 0.5297072078125 0.0863197578125 0.522871621875 0.0987192375 0.515059309375 0.103227903125 0.5072462468750001 0.103227903125 0.49552777812500004 0.080683709375 0.48966816875 0.082938475 0.48478528593750003 0.0930831890625 0.4867387390625 0.10210052031250001 0.47892642656250006 0.12915337968750001
1 0.47111336406250004 0.0344688046875 0.46916066093750003 0.029960139062500002 0.456465465625 0.019815425 0.436933934375 0.022070190625 0.4300983484375 0.032214904687500004 0.4300983484375 0.0479956671875 0.43986336406250004 0.0818110921875 0.46037162187499997 0.0987192375 0.47209009062499996 0.1009731375 0.47404354375 0.0987192375 0.4750202703125 0.0660303296875 0.46916066093750003 0.05926776406249999 0.47111336406250004 0.0344688046875
1 0.3754106609375 0.09759185468750001 0.3832229734375 0.11788128281250002 0.3832229734375 0.1314081453125 0.3754106609375 0.1381707109375 0.37345720781249997 0.1449341421875 0.37834009062499996 0.15057019062500002 0.390059309375 0.148315425 0.39591816875 0.15057019062500002 0.40666066093750003 0.14042547656249998 0.41349624687500003 0.12351733125 0.4144729734375 0.11111785156250001 0.40470720781249997 0.0863197578125 0.3920120125 0.07617504375 0.382246246875 0.078429809375 0.3754106609375 0.0863197578125 0.3754106609375 0.09759185468750001
1 0.40373123125 0.25427209687499996 0.40470720781249997 0.2463812828125 0.4008010515625 0.2328552859375 0.393965465625 0.22045580625 0.3656448953125 0.2260918546875 0.3636914421875 0.2396187171875 0.3656448953125 0.2441273828125 0.382246246875 0.2587807625 0.39787162187499997 0.2610346625 0.40373123125 0.25427209687499996
1 0.306074325 0.17987694999999998 0.292402403125 0.18664038125 0.2826373875 0.184385615625 0.2758010515625 0.1900216640625 0.27970720781249997 0.2103110921875 0.2933791296875 0.22158318906250002 0.2953325828125 0.2351091859375 0.30412162187499997 0.24525389999999997 0.32169970000000003 0.24750866562499999 0.32560585625 0.24300000000000002 0.3265825828125 0.22834662031250003 0.3226764265625 0.2238379546875 0.3226764265625 0.2012937609375 0.3138873875 0.182131715625 0.306074325 0.17987694999999998
1 0.5511914421874999 0.2103110921875 0.5472852859375 0.2418726171875 0.556074325 0.2610346625 0.5697462468750001 0.2587807625 0.5765825828125 0.2418726171875 0.587324325 0.23398266875 0.593183934375 0.23398266875 0.5980668171875 0.2418726171875 0.597090090625 0.256525996875 0.612715465625 0.24525389999999997 0.6136914421874999 0.2238379546875 0.604902403125 0.206929809375 0.5951373875 0.20918370937500003 0.58341816875 0.19791247812499999 0.56779354375 0.19791247812499999 0.5511914421874999 0.2103110921875
1 0.5995919703125 0 0.5961133640625 0.0051620453125 0.5961133640625 0.032214904687500004 0.5843948953125 0.0773024265625 0.5980668171875 0.10210052031250001 0.5980668171875 0.1133726171875 0.6019729734375 0.11788128281250002 0.5961133640625 0.1268986140625 0.5980668171875 0.14267937656250002 0.6019729734375 0.1516975734375 0.6107620125000001 0.159587521875 0.61466816875 0.159587521875 0.6215045046875 0.1516975734375 0.6195510515625 0.1336620453125 0.6117387390625 0.1201360484375 0.6156448953125 0.11111785156250001 0.6156448953125 0.09759185468750001 0.6215045046875 0.0885745234375 0.6175983484375 0.05926776406249999 0.6410352859375 0.032214904687500004 0.6371291296875 0.011925476562499999 0.6420120125000001 0.0017807625000000001 0.6425262765624999 0 0.5995919703125 0
1 0.702559309375 0.08970190624999999 0.686933934375 0.078429809375 0.6781448953125 0.0818110921875 0.6722852859375 0.0953379546875 0.6703325828125 0.11788128281250002 0.68498123125 0.143806759375 0.698652403125 0.13253466249999998 0.710371621875 0.1302807625 0.714277778125 0.13253466249999998 0.722090090625 0.128025996875 0.7230668171875 0.11111785156250001 0.7172072078125 0.10886395156249999 0.7172072078125 0.0863197578125 0.712324325 0.080683709375 0.70841816875 0.080683709375 0.702559309375 0.08970190624999999
1 0.6654497 0.342193240625 0.681074325 0.32415771250000003 0.690840090625 0.32415771250000003 0.7006058562499999 0.31514038125 0.7074414421874999 0.31852166406250004 0.7074414421874999 0.32753899531249997 0.710371621875 0.33092114375000004 0.7289264265625001 0.3117590984375 0.7347852859375 0.29372357031249996 0.741621621875 0.285833621875 0.7357620125000001 0.28357885625 0.7318558562499999 0.285833621875 0.7269729734375 0.2824514734375 0.7289264265625001 0.2756889078125 0.7269729734375 0.2711793765625 0.7367387390625 0.2599081453125 0.7406448953125 0.2486360484375 0.7367387390625 0.2351091859375 0.7113483484375 0.1877677640625 0.7045120125000001 0.184385615625 0.679121621875 0.152824090625 0.6703325828125 0.1629688046875 0.6664264265625001 0.1719870015625 0.6664264265625001 0.1810043328125 0.6488483484375 0.1967850953125 0.6371291296875 0.22834662031250003 0.6312702703124999 0.2666707109375 0.6468948953125 0.29372357031249996 0.6449414421874999 0.3230303296875 0.6576373875 0.337683709375 0.6654497 0.342193240625