1 0.41406231250000003 0.7711793765625 0.412109609375 0.7824514734375 0.416015765625 0.7959783359375 0.412109609375 0.8027409015625 0.412109609375 0.8117590984374999 0.4169924921875 0.81739428125 0.4267575078125 0.81739428125 0.482421921875 0.7621620453125 0.486328078125 0.7553986140625 0.486328078125 0.7441273828125 0.4794924921875 0.731727903125 0.47070345312499995 0.7306005203125 0.4501951953125 0.731727903125 0.4423828828125 0.73623656875 0.427734234375 0.7531447140624999 0.42187462499999995 0.7666707109375 0.41406231250000003 0.7711793765625
1 0.57421846875 0.8297937609374999 0.5625 0.8162677640625 0.5419924921875 0.8219038125000001 0.53125 0.8320485265625001 0.529296546875 0.8478292890624999 0.5361328828125 0.8557192375 0.5498048046874999 0.86248266875 0.5576171171875 0.86248266875 0.5712890390625 0.8579740031249999 0.576171921875 0.8523379546875001 0.57421846875 0.8297937609374999
1 0.310546546875 0.7531447140624999 0.302734234375 0.7734341421875001 0.30664039062500004 0.7869601390625001 0.3046876875 0.8049956671875 0.3154294296875 0.81739428125 0.3408205703125 0.8128856156250001 0.3505855859375 0.80161351875 0.3603513515625 0.79935961875 0.36914039062500004 0.7869601390625001 0.3671876875 0.7779428078125 0.3447267265625 0.75201733125 0.33203153125 0.7441273828125 0.3193355859375 0.743 0.310546546875 0.7531447140624999
1 0.1474609609375 0.517561525 0.1552732734375 0.515306759375 0.1787109609375 0.524324090625 0.2060548046875 0.515306759375 0.212890390625 0.5006533796875 0.208984234375 0.4871273828125 0.2001951953125 0.476981803125 0.1845705703125 0.4702192375 0.17578153125 0.4555658578125 0.173828078125 0.4465476609375 0.1591794296875 0.42964038125000004 0.142578078125 0.4172409015625 0.13671846875 0.4172409015625 0.13671846875 0.4262582328125 0.13085960937500002 0.43302166406250003 0.12890615625 0.44880242656249997 0.1416013515625 0.465710571875 0.15234384375 0.4736005203125 0.15625 0.48261785156250003 0.15625 0.4916360484375 0.13671846875 0.5051620453125001 0.138671921875 0.5119254765625 0.1474609609375 0.517561525
1 0.1240232734375 0.52883275625 0.1181644140625 0.5355961875 0.0966794296875 0.5333422875 0.0927732734375 0.5355961875 0.083984234375 0.5502495671875 0.0859376875 0.5727937609375 0.0947267265625 0.5806837093749999 0.1083986484375 0.5806837093749999 0.13769519531250002 0.5694124781250001 0.15234384375 0.5457409015625 0.154296546875 0.5322149046875 0.15234384375 0.5299601390625 0.1240232734375 0.52883275625
1 0.134765765625 0.6359168109375 0.1416013515625 0.643806759375 0.1513671171875 0.643806759375 0.16894519531250002 0.634789428125 0.1806644140625 0.634789428125 0.1865232734375 0.643806759375 0.1923828828125 0.646061525 0.197265765625 0.6404254765624999 0.1953123125 0.6268986140624999 0.197265765625 0.6201360484375 0.1884767265625 0.60773656875 0.173828078125 0.5998466203125 0.1630855859375 0.5987192375 0.1416013515625 0.609991334375 0.1328123125 0.6246447140625 0.134765765625 0.6359168109375
1 0.291015765625 0.6359168109375 0.29296846875 0.6178812828125 0.28710960937499996 0.6111178515625 0.2802732734375 0.609991334375 0.26855480468750004 0.6144999999999999 0.2578123125 0.6223899484375 0.26269519531249996 0.6550788562500001 0.2744144140625 0.65733275625 0.2783205703125 0.6550788562500001 0.291015765625 0.6359168109375
1 0.2412109609375 0.70467504375 0.224609609375 0.7148197578125 0.22265615625000001 0.7238379546875 0.228515765625 0.7396187171874999 0.22656231249999997 0.7508899484375 0.2314451953125 0.7587807625 0.24902327343750003 0.7542720968750001 0.2587890390625 0.738491334375 0.2705075078125 0.73623656875 0.279296546875 0.7260918546874999 0.28125 0.7058024265625 0.27734384375 0.7012937609375001 0.2646486484375 0.700166378125 0.2607424921875 0.70467504375 0.2412109609375 0.70467504375
1 0.23828153125 0.40371490468750004 0.23828153125 0.42174956718749995 0.24902327343750003 0.4409116125 0.2763671171875 0.44542114374999997 0.29296846875 0.43527642968749997 0.291015765625 0.41949566718750003 0.2763671171875 0.41160485312499995 0.26953153125 0.3992062390625 0.26953153125 0.3924428078125 0.2763671171875 0.38680675937500003 0.2890623125 0.3879341421875 0.279296546875 0.3698986140625 0.2607424921875 0.36877123125 0.24609384374999999 0.37891681093749996 0.248046546875 0.39018804218750003 0.23828153125 0.40371490468750004
1 0.16894519531250002 0.38229809375 0.1767575078125 0.389061525 0.1904294296875 0.38680675937500003 0.1982424921875 0.38229809375 0.20507807812499998 0.3721533796875 0.20507807812499998 0.3676447140625 0.1982424921875 0.35975389999999996 0.1826171171875 0.362008665625 0.1708986484375 0.371025996875 0.1630855859375 0.36651733124999997 0.1513671171875 0.36651733124999997 0.14355480468749998 0.35975389999999996 0.1181644140625 0.364262565625 0.0947267265625 0.337210571875 0.0771486484375 0.3417192375 0.06835960937499999 0.3360831890625 0.0668168171875 0.3354896015625 0.0668168171875 0.38504592656250003 0.0712890390625 0.389061525 0.0947267265625 0.389061525 0.1337890390625 0.402587521875 0.1552732734375 0.38680675937500003 0.1650390390625 0.38680675937500003 0.16894519531250002 0.38229809375
1 0.13671846875 0.25492547656250003 0.13671846875 0.2594341421875 0.14453153125 0.2661967078125 0.134765765625 0.2842322359375 0.13769519531250002 0.29437695 0.1494144140625 0.30114038125000003 0.16894519531250002 0.30339428125 0.19140615625 0.2864861359375 0.18164039062499998 0.2707062390625 0.1796876875 0.2571793765625 0.18164039062499998 0.25267071093750004 0.177734234375 0.2436533796875 0.1630855859375 0.24252599687499998 0.1611328828125 0.249289428125 0.1416013515625 0.249289428125 0.13671846875 0.25492547656250003
1 0.3466794296875 0.332701040625 0.359374625 0.3180476609375 0.36328153125 0.3090303296875 0.34765615625 0.2909956671875 0.34765615625 0.2797235703125 0.33984384375 0.2684514734375 0.3427732734375 0.26056065781250004 0.3505855859375 0.26056065781250004 0.353515765625 0.2571793765625 0.3369144140625 0.23576256562500003 0.3212890390625 0.229 0.314453453125 0.2211091859375 0.3125 0.2278726171875 0.314453453125 0.23238128281249998 0.3115232734375 0.23801733125000002 0.3056644140625 0.23576256562500003 0.3017575078125 0.23801733125000002 0.2919924921875 0.226745234375 0.2822267265625 0.22223656875 0.2705075078125 0.226745234375 0.22949249218749998 0.25605199375 0.22656231249999997 0.2639428078125 0.19921846875 0.2932495671875 0.20800750781250002 0.30339428125 0.21582057031250002 0.30790294687499997 0.2236328828125 0.30790294687499997 0.2373048046875 0.328192375 0.2646486484375 0.3417192375 0.2978513515625 0.348481803125 0.3212890390625 0.33044714062499997 0.3466794296875 0.332701040625