1 0.731034534375 0.409824090625 0.719316065625 0.41658752187500003 0.7046674171875 0.4334956671875 0.7007612609375 0.4425129984375 0.699784534375 0.46618457500000005 0.7007612609375 0.47632928906250005 0.7115037531249999 0.48421923749999995 0.72126876875 0.48421923749999995 0.727128378125 0.479710571875 0.7749797296875001 0.4154601390625 0.7749797296875001 0.4041889078125 0.770097596875 0.39855285937499996 0.762284534375 0.39855285937499996 0.756425675 0.40306152500000003 0.74470645625 0.39855285937499996 0.734940690625 0.400806759375 0.731034534375 0.409824090625
1 0.8081831828125001 0.5417062390625 0.8013475968750001 0.533815425 0.787675675 0.536070190625 0.7788866359375 0.5484696703124999 0.7740037531249999 0.57214038125 0.785722221875 0.585666378125 0.8052537531249999 0.58792114375 0.8101366359375 0.5822850953125001 0.8140427921875 0.5665043328125 0.8140427921875 0.5574870015625 0.8081831828125001 0.5417062390625
1 0.7486126125 0.276815425 0.7368941437500001 0.27230675937500004 0.719316065625 0.28132409062499997 0.7105270265625 0.29146880468749997 0.7115037531249999 0.30612305 0.7183393390624999 0.32077642968750003 0.7408003 0.34670190624999997 0.7486126125 0.34895580625 0.7593551046875 0.3388110921875 0.7613085578125001 0.32753899531249997 0.7710735734374999 0.3162677640625 0.7749797296875001 0.2869601390625 0.7642379874999999 0.27456152500000003 0.7486126125 0.276815425
1 0.45564414375 0.071666378125 0.44197222187499996 0.07392114375 0.4361126125 0.080683709375 0.42830029999999997 0.080683709375 0.42830029999999997 0.087447140625 0.43904279218750003 0.10660918593749999 0.45369069062499995 0.12351733125 0.46150375312499997 0.125772096875 0.4741989484375 0.13591681093750002 0.4800585578125 0.15395147343749999 0.488847596875 0.1640961875 0.500566065625 0.168604853125 0.5132612609375 0.1607149046875 0.5210735734374999 0.12915337968750001 0.5132612609375 0.10210052031250001 0.5152147140625 0.0930831890625 0.51033183125 0.082938475 0.504472221875 0.080683709375 0.49275375312499997 0.103227903125 0.48494069062499995 0.103227903125 0.47712837812500003 0.0987192375 0.47029279218750003 0.0863197578125 0.45564414375 0.071666378125
1 0.5308393390624999 0.029960139062500002 0.5288866359375 0.0344688046875 0.5308393390624999 0.05926776406249999 0.5249797296875001 0.0660303296875 0.52595645625 0.0987192375 0.527909909375 0.1009731375 0.539628378125 0.0987192375 0.5601366359375 0.0818110921875 0.5699016515625 0.0479956671875 0.5699016515625 0.032214904687500004 0.563066065625 0.022070190625 0.543534534375 0.019815425 0.5308393390624999 0.029960139062500002
1 0.6177537531249999 0.078429809375 0.6079879874999999 0.07617504375 0.5952927921875 0.0863197578125 0.5855270265625 0.11111785156250001 0.5865037531249999 0.12351733125 0.5933393390624999 0.14042547656249998 0.60408183125 0.15057019062500002 0.609940690625 0.148315425 0.621659909375 0.15057019062500002 0.6265427921875 0.1449341421875 0.6245893390624999 0.1381707109375 0.6167770265625 0.1314081453125 0.6167770265625 0.11788128281250002 0.6245893390624999 0.09759185468750001 0.6245893390624999 0.0863197578125 0.6177537531249999 0.078429809375
1 0.6343551046875 0.2260918546875 0.606034534375 0.22045580625 0.5991989484375 0.2328552859375 0.5952927921875 0.2463812828125 0.59626876875 0.25427209687499996 0.602128378125 0.2610346625 0.6177537531249999 0.2587807625 0.6343551046875 0.2441273828125 0.6363085578125001 0.2396187171875 0.6343551046875 0.2260918546875
1 0.6861126125 0.182131715625 0.6773235734374999 0.2012937609375 0.6773235734374999 0.2238379546875 0.6734174171875 0.22834662031250003 0.6743941437500001 0.24300000000000002 0.6783003 0.24750866562499999 0.695878378125 0.24525389999999997 0.7046674171875 0.2351091859375 0.7066208703125 0.22158318906250002 0.7202927921875 0.2103110921875 0.7241989484375 0.1900216640625 0.7173626125 0.184385615625 0.707597596875 0.18664038125 0.693925675 0.17987694999999998 0.6861126125 0.182131715625
1 0.41658183125 0.19791247812499999 0.4048626125 0.20918370937500003 0.395097596875 0.206929809375 0.3863085578125 0.2238379546875 0.387284534375 0.24525389999999997 0.40290990937500004 0.256525996875 0.4019331828125 0.2418726171875 0.406816065625 0.23398266875 0.412675675 0.23398266875 0.4234174171875 0.2418726171875 0.43025375312499997 0.2587807625 0.443925675 0.2610346625 0.45271471406249997 0.2418726171875 0.4488085578125 0.2103110921875 0.43220645625 0.19791247812499999 0.41658183125 0.19791247812499999
1 0.3574737234375 0 0.3579879875 0.0017807625000000001 0.3628708703125 0.011925476562499999 0.35896471406249997 0.032214904687500004 0.3824016515625 0.05926776406249999 0.37849549531250004 0.0885745234375 0.3843551046875 0.09759185468750001 0.3843551046875 0.11111785156250001 0.3882612609375 0.1201360484375 0.3804489484375 0.1336620453125 0.37849549531250004 0.1516975734375 0.38533183125 0.159587521875 0.3892379875 0.159587521875 0.3980270265625 0.1516975734375 0.4019331828125 0.14267937656250002 0.40388663593749996 0.1268986140625 0.3980270265625 0.11788128281250002 0.4019331828125 0.1133726171875 0.4019331828125 0.10210052031250001 0.41560510468749995 0.0773024265625 0.40388663593749996 0.032214904687500004 0.40388663593749996 0.0051620453125 0.4004076578125 0 0.3574737234375 0
1 0.287675675 0.080683709375 0.28279279218750003 0.0863197578125 0.28279279218750003 0.10886395156249999 0.2769331828125 0.11111785156250001 0.27790990937500004 0.128025996875 0.285722221875 0.13253466249999998 0.28962837812500003 0.1302807625 0.301347596875 0.13253466249999998 0.31501876875 0.143806759375 0.3296674171875 0.11788128281250002 0.32771471406249997 0.0953379546875 0.3218551046875 0.0818110921875 0.313066065625 0.078429809375 0.297440690625 0.08970190624999999 0.29158183125 0.080683709375 0.287675675 0.080683709375
1 0.2710735734375 0.2756889078125 0.2730270265625 0.2824514734375 0.26814414375 0.285833621875 0.2642379875 0.28357885625 0.25837837812500003 0.285833621875 0.26521471406249997 0.29372357031249996 0.2710735734375 0.3117590984375 0.28962837812500003 0.33092114375000004 0.2925585578125 0.32753899531249997 0.2925585578125 0.31852166406250004 0.29939414375 0.31514038125 0.30915990937500004 0.32415771250000003 0.318925675 0.32415771250000003 0.33455029999999997 0.342193240625 0.3423626125 0.337683709375 0.3550585578125 0.3230303296875 0.3531051046875 0.29372357031249996 0.3687297296875 0.2666707109375 0.3628708703125 0.22834662031250003 0.3511516515625 0.1967850953125 0.3335735734375 0.1810043328125 0.3335735734375 0.1719870015625 0.3296674171875 0.1629688046875 0.32087837812500003 0.152824090625 0.2954879875 0.184385615625 0.2886516515625 0.1877677640625 0.2632612609375 0.2351091859375 0.2593551046875 0.2486360484375 0.2632612609375 0.2599081453125 0.2730270265625 0.2711793765625 0.2710735734375 0.2756889078125